PDEW 2014  4  4  1 37 50.60 -20.6400  -70.6500  13.7 0.0 6.3 NEAR COAST OF NORTHERN C
event name:     201404040137A
time shift:      7.3000
half duration:   3.2000
latitude:      -20.6100
longitude:     -70.9100
depth:          19.5000
Mrr:       1.940000e+25
Mtt:       7.800000e+23
Mpp:      -2.020000e+25
Mrt:       7.780000e+24
Mrp:      -1.690000e+25
Mtp:       3.760000e+24
