PDEQ 2015  4 25  6 11 26.20  28.1300   84.6500  15.0 0.0 7.9 NEPAL
event name:     201504250611A
time shift:     32.2000
half duration:  20.8000
latitude:       27.7700
longitude:      85.3700
depth:          12.0000
Mrr:       1.730000e+27
Mtt:      -1.790000e+27
Mpp:       5.600000e+25
Mrt:       7.520000e+27
Mrp:      -5.870000e+26
Mtp:       4.540000e+26
