PDEW 2014  4  1 23 46 47.30 -19.6100  -70.7700  25.0 0.0 8.2 NEAR COAST OF NORTHERN C
event name:     201404012346A
time shift:     44.2000
half duration:  28.0000
latitude:      -19.7000
longitude:     -70.8100
depth:          21.6000
Mrr:       9.200000e+27
Mtt:      -3.900000e+26
Mpp:      -8.810000e+27
Mrt:       6.370000e+27
Mrp:      -1.530000e+28
Mtp:       2.050000e+27
