 PDE 2015 01 23 06 51 20.34   44.1275   11.1207   9.7 4.3 4.3 NORTHERN ITALY
event name:   C201501230651A
time shift:           0.0000
half duration:        1.0000
latitude:            44.1275
longitude:           11.1207
depth:                9.6000
Mrr:           -2.517620E+22
Mtt:            1.746060E+22
Mpp:            7.715600E+21
Mrt:           -1.229210E+22
Mrp:            9.709200E+21
Mtp:           -1.395510E+22
