 PDEW2014  8 24 10 20 44.10  38.2200 -122.3100  11.2 0.0 6.1 NORTHERN CALIFORNIA
event name:     201408241020A
time shift:      5.2600
half duration:   2.6000
latitude:       38.3100
longitude:    -122.3800
depth:          12.0000
Mrr:      -4.760000e+23
Mtt:      -1.090000e+25
Mpp:       1.140000e+25
Mrt:      -1.360000e+24
Mrp:      -2.500000e+24
Mtp:       1.120000e+25
