PDEQ 2015  5 12  7  5 19.00  27.8400   86.0800  15.0 0.0 7.3 NEPAL
event name:     201505120705A
time shift:      9.5000
half duration:  10.1000
latitude:       27.5600
longitude:      86.1000
depth:          12.0000
Mrr:       2.640000e+26
Mtt:      -2.540000e+26
Mpp:      -9.800000e+24
Mrt:       8.520000e+26
Mrp:      -4.400000e+25
Mtp:       1.210000e+26
