 PDE 2012 05 29 07 00 02.88   44.8500   11.0900   6.0 5.8 5.7 NORTHERN ITALY
event name:   C201205290700A
time shift:           0.0000
half duration:        0.0000
latitude:            44.8417
longitude:           11.0657
depth:                8.0700
Mrr:            3.428131E+24
Mtt:           -3.357548E+24
Mpp:           -7.058260E+22
Mrt:           -8.663886E+23
Mrp:            9.054930E+22
Mtp:            2.838198E+23
